29068 blocks processed, 21094 blocks contributed pairs to matrix
 1176640296212.697754 clumps contributed pairs to matrix (1035.259233)
 6086530 segments contributed pairs to matrix (288.543182)
30556834218.000000 total pairs, 1136565855.559982 total weight
 6739916 total sequences, 774565 total columns, 170356734 total AAs

Frequencies = fij pairs (off-diagonals = 2*fij):
    A      R      N      D      C      Q      E      G      H      I      L      K      M      F      P      S      T      W      Y      V  
22630989.93 
10690980.07 10785227.84 
6656364.41 5158094.15 5386206.11 
8124682.77 6015347.59 5689475.30 8822652.13 
3283982.98 1087405.46 941456.87 915567.82 1891468.29 
6900762.08 6032242.65 3263046.93 4433292.57 698558.14 3094130.31 
10739048.27 8999713.63 4972198.41 9999090.17 1039310.21 6953399.13 11527410.54 
17188877.82 7468590.81 7304854.75 7252434.39 1782864.86 4675411.44 7079139.56 25543049.74 
4036728.94 3276319.96 2254149.35 2342127.65 516123.23 1965858.76 2816897.03 3067991.17 2762537.41 
11527202.48 5578236.03 3972720.73 3915118.01 1796803.88 3392253.65 5047620.51 6174428.03 2127290.82 12295140.27 
18289806.04 8919507.90 5724567.38 6038463.54 2699358.74 5671506.96 8118783.37 9622548.07 3565970.19 23650805.38 28623956.61 
8632658.14 10848334.14 4724372.45 5539691.27 917274.20 5199462.10 8077860.99 6479216.91 2388974.24 4418456.70 7085559.67 9665413.67 
4393730.64 2050024.56 1388505.65 1399397.01 608634.04 1444959.16 1865134.23 2441186.71 847115.47 4284230.58 8263183.59 1688654.76 1473073.48 
6632646.33 3243883.33 2370093.28 2413665.11 1055133.51 2025521.30 2861598.52 4290863.37 1693390.28 6970457.17 12708963.19 2559168.85 2520890.44 6875835.85 
7307137.63 4047292.55 2802910.58 3853002.52 767718.26 2564846.47 4365410.66 5632775.91 1489166.88 3639170.97 5449919.26 3730150.12 1219199.46 2183608.03 9911029.79 
17337690.84 7703450.37 6765772.49 7251382.55 1994488.43 4984515.37 7779960.39 11786218.30 3044344.81 6761663.85 10013227.75 6661141.57 2545351.57 4090972.96 5624161.04 11341155.87 
11929417.98 6042952.00 4726664.10 4985405.87 1523638.67 3797029.80 5970026.94 7019177.46 2235160.77 6665031.19 9799867.70 5149136.56 2403503.56 3639814.23 3976384.27 11689378.89 8293184.94 
1761267.07 1051166.26 664996.26 728680.67 263264.71 616713.80 887572.85 1281292.04 524299.42 1375486.13 2772655.63 774899.51 572985.73 1706540.34 663097.67 1158417.95 943221.96 1575855.86 
4895800.78 3242223.72 2102633.67 2175739.05 771273.36 1957653.45 2792943.52 3419596.88 2185022.08 3926055.39 7081183.58 2435055.63 1543096.71 5901768.49 1749152.63 3445502.15 2852749.94 1481906.79 9053169.26 
15996786.12 6713349.53 4900203.68 4769525.26 2538313.18 4127841.66 6219864.84 7806712.15 2568296.87 21291701.38 23337730.81 5434056.35 4372362.09 7164495.35 4693235.74 8673870.99 8984332.01 1499772.58 4417762.11 15060696.13 
   A     R     N     D     C     Q     E     G     H     I     L     K     M     F     P     S     T     W     Y     V  

Target Probabilities=qij in blosum62.qij
sumqij = 1.000000

Marginal Probabilities by AA = p(i,*):
   A     R     N     D     C     Q     E     G     H     I     L     K     M     F     P     S     T     W     Y     V  
0.097 0.057 0.038 0.046 0.013 0.034 0.057 0.076 0.021 0.066 0.104 0.049 0.021 0.039 0.038 0.067 0.053 0.011 0.034 0.077 
sumpi=1.000
AA Frequencies = ai:
14324067  9245207  6551142  8735149  2958717  5620867  9312214 14402645  4172084 11206004 16790438  8087685  4260442  7402359  7341956  9945078  9351511  2282682  5706909 12659578 
AA Probabilities = fi:
   A     R     N     D     C     Q     E     G     H     I     L     K     M     F     P     S     T     W     Y     V  
0.084 0.054 0.038 0.051 0.017 0.033 0.055 0.085 0.024 0.066 0.099 0.047 0.025 0.043 0.043 0.058 0.055 0.013 0.033 0.074 
sumpi=1.000

totpairs=1136565827.049, FTotWeight=1136565855.560
 totdiag=206612184.050, totoffd=929953642.999 totaas=170356734, TotAas=170356734

Entropy=0.1886 bits, expected=-0.1505 bits

Scoring matrix in bit units=sij in blosum62.sij

Integer scoring matrix in 1/70 bit units in blosum62.iij

Maximum=256, minimum=-63, sum=-878

Positive matrix (+63):
 A   R   N   D   C   Q   E   G   H   I   L   K   M   F   P   S   T   W   Y   V  B   Z   X
138 
 46 171 
 38  67 181 
 39  63  97 192 
 78  21  46  24 298 
 55  95  73  85  29 151 
 47  83  63 114  16 110 178 
 65  35  73  53  42  40  30 200 
 47  80  82  67  45  81  65  44 232 
 38  19  25   4  56  22   9   0  21 153 
 40  21  17   3  52  28  12   0  28 104 149 
 39 116  73  69  18  95  87  35  63  10  13 189 
 55  32  33  14  61  50  23  21  42  91 112  27 167 
 35  17  25   8  55  22   4  16  51  79  94   8  90 200 
 50  44  47  60  27  51  52  48  42  18  14  51  22  19 246 
 79  51  78  66  66  60  52  65  57  22  17  51  38  24  61 144 
 64  50  65  51  62  55  48  36  49  44  38  48  55  36  49 100 159 
 35  37  31  21  48  36  20  28  66  49  74  21  74 123  32  31  33 319 
 21  33  29  14  39  35  18   9  93  37  51  19  57 131  13  23  27 125 260 
 56  23  31   9  76  26  15   9  25 124  88  16  78  66  28  32  59  42  34 144 
 39  65 133 152  34  80  92  61  74  13   9  71  22  15  54  71  57  25  20  18 144 
 50  87  67 103  21 125 152  34  71  14  18  90  33  11  51  55  51  26  24  19  72 142 
 57  53  56  51  52  57  51  47  55  50  50  51  56  51  48  56  57  49  43  53  53  54  52 
 A   R   N   D   C   Q   E   G   H   I   L   K   M   F   P   S   T   W   Y   V  B   Z   X

10 times log base 10 matrix:
 A   R   N   D   C   Q   E   G   H   I   L   K   M   F   P   S   T   W   Y   V  
  3 
 -1   5 
 -1   0   5 
 -1   0   1   6 
  1  -2  -1  -2  10 
  0   1   0   1  -1   4 
 -1   1   0   2  -2   2   5 
  0  -1   0   0  -1  -1  -1   6 
 -1   1   1   0  -1   1   0  -1   7 
 -1  -2  -2  -3   0  -2  -2  -3  -2   4 
 -1  -2  -2  -3   0  -1  -2  -3  -1   2   4 
 -1   2   0   0  -2   1   1  -1   0  -2  -2   5 
  0  -1  -1  -2   0  -1  -2  -2  -1   1   2  -2   4 
 -1  -2  -2  -2   0  -2  -3  -2  -1   1   1  -2   1   6 
 -1  -1  -1   0  -2  -1   0  -1  -1  -2  -2  -1  -2  -2   8 
  1  -1   1   0   0   0   0   0   0  -2  -2  -1  -1  -2   0   3 
  0  -1   0  -1   0   0  -1  -1  -1  -1  -1  -1   0  -1  -1   2   4 
 -1  -1  -1  -2  -1  -1  -2  -2   0  -1   0  -2   0   3  -1  -1  -1  11 
 -2  -1  -1  -2  -1  -1  -2  -2   1  -1   0  -2   0   3  -2  -2  -2   3   8 
  0  -2  -1  -2   1  -2  -2  -2  -2   3   1  -2   1   0  -1  -1   0  -1  -1   3 
 A   R   N   D   C   Q   E   G   H   I   L   K   M   F   P   S   T   W   Y   V 