29068 blocks processed, 28891 blocks contributed pairs to matrix
65840404924.000000 total pairs, 59043116.621622 total weight
 6739916 total sequences, 774565 total columns, 170356734 total AAs

Frequencies = fij pairs (off-diagonals = 2*fij):
    A      R      N      D      C      Q      E      G      H      I      L      K      M      F      P      S      T      W      Y      V  
1819037.52 
268299.98 1289483.83 
211570.50 189787.55 801703.76 
244902.91 167280.74 380450.73 1399481.80 
169042.05  38117.68  35379.26  30271.27 561615.49 
226370.08 269186.01 156004.92 189150.10  23907.59 547771.25 
390048.75 299071.19 236897.10 660262.15  32962.17 381644.82 1382816.96 
611918.09 187763.25 284012.23 254397.56  64518.66 140902.44 225535.42 2917395.88 
102302.82 128512.36 132054.32  97971.57  19984.20 110343.63 106150.41  83388.08 532421.21 
342915.56 145549.13  93648.34  91165.16  71987.67 102952.90 145030.81 124929.58  57681.72 1312077.90 
472791.69 242210.88 143514.44 146469.62  99354.76 190083.81 229700.24 194430.96 103814.30 1229360.69 2520621.26 
335604.62 718724.87 249890.46 250317.61  34865.57 327925.67 454198.08 229393.06 119111.03 154596.99 248696.77 1110079.38 
141578.33  69649.45  44502.81  38732.12  27164.42  68439.80  63777.71  58122.79  27619.90 253908.70 494915.21  74502.84 354617.67 
169078.64  85738.64  66474.22  60578.66  43306.78  61123.89  76356.01  97570.88  76750.76 274580.19 569629.29  83032.52 125177.93 1121234.55 
275006.32 122998.35  93861.68 135576.03  26626.72  97067.17 171721.45 146558.81  48436.71 106886.86 163809.88 162048.87  38029.34  63639.53 1378160.46 
743444.94 241798.44 312393.32 291272.43  99006.33 197039.12 317509.58 413873.84 105829.61 168700.86 246231.97 299239.94  81387.46 111506.80 216615.36 1061540.43 
442531.36 202429.87 220188.66 196089.08  76409.64 161578.72 250980.18 195535.38  81938.44 258732.03 303000.99 258904.69 101013.82 108988.84 146015.79 613248.81 1024398.54 
 39472.60  33551.35  16990.60  18118.96   9363.20  18221.58  24302.19  28751.73  20519.09  40232.87  77889.77  26410.63  18113.71  96482.45  17081.77  29843.55  25515.82 344057.08 
129337.61 100209.07  74657.12  64765.87  32941.29  65666.15  88432.75  79681.70 128235.42 128335.62 227181.75  91983.24  54062.06 463486.25  49644.49 102869.81  88502.56  93056.65 869867.91 
618312.92 172882.40 121174.20 121083.88 124012.46 128840.16 207301.13 174169.48  69989.29 1420253.75 990066.27 198924.74 207663.34 252413.14 150274.34 243640.04 393274.17  40117.24 140504.07 1546627.91 
   A     R     N     D     C     Q     E     G     H     I     L     K     M     F     P     S     T     W     Y     V  

Target Probabilities=qij in blosume.qij
sumqij = 1.000000

Marginal Probabilities by AA = p(i,*):
   A     R     N     D     C     Q     E     G     H     I     L     K     M     F     P     S     T     W     Y     V  
0.081 0.053 0.040 0.053 0.018 0.034 0.060 0.080 0.023 0.066 0.097 0.055 0.023 0.043 0.042 0.059 0.052 0.012 0.033 0.075 
sumpi=1.000
AA Frequencies = ai:
14324067  9245207  6551142  8735149  2958717  5620867  9312214 14402645  4172084 11206004 16790438  8087685  4260442  7402359  7341956  9945078  9351511  2282682  5706909 12659578 
AA Probabilities = fi:
   A     R     N     D     C     Q     E     G     H     I     L     K     M     F     P     S     T     W     Y     V  
0.084 0.054 0.038 0.051 0.017 0.033 0.055 0.085 0.024 0.066 0.099 0.047 0.025 0.043 0.043 0.058 0.055 0.013 0.033 0.074 
sumpi=1.000

totpairs=59043115.165, FTotWeight=59043116.622
 totdiag=23895010.776, totoffd=35148104.389 totaas=170356734, TotAas=170356734

Entropy=0.9289 bits, expected=-0.6860 bits

Scoring matrix in bit units=sij in blosume.sij

Integer scoring matrix in 1/1 bit units in blosume.iij

Maximum=5, minimum=-2, sum=-143

Positive matrix (+2):
 A   R   N   D   C   Q   E   G   H   I   L   K   M   F   P   S   T   W   Y   V  B   Z   X
  4 
  1   5 
  1   2   5 
  1   1   3   5 
  2   0   1   0   7 
  1   2   2   2   0   5 
  1   2   2   3   0   3   5 
  2   1   2   1   1   1   1   5 
  1   2   2   1   1   2   1   1   6 
  1   0   0   0   1   1   0   0   0   4 
  1   1   0   0   1   1   0   0   1   3   4 
  1   3   2   2   0   3   2   1   2   1   1   5 
  1   1   1   0   1   2   1   0   1   3   3   1   6 
  1   0   0   0   1   0   0   0   1   2   2   0   2   5 
  1   1   1   1   0   1   1   1   1   0   0   1   0   0   6 
  2   1   2   2   2   2   2   2   1   1   1   2   1   1   2   4 
  2   1   2   1   1   2   1   1   1   1   1   2   2   1   1   3   5 
  1   1   0   0   1   1   0   0   1   1   1   0   1   3   0   1   1   7 
  1   1   1   0   1   1   1   0   3   1   1   1   1   3   0   1   1   3   6 
  2   1   0   0   2   1   1   0   0   3   2   1   2   1   1   1   2   1   1   4 
  1   1   4   4   0   2   2   1   2   0   0   2   0   0   1   2   2   0   1   0   4 
  1   2   2   2   0   4   4   1   2   0   1   2   1   0   1   2   2   0   1   1   2   4 
  2   1   1   1   1   2   1   1   1   1   1   1   1   1   1   2   2   1   1   1   1   1   1 
 A   R   N   D   C   Q   E   G   H   I   L   K   M   F   P   S   T   W   Y   V  B   Z   X

10 times log base 10 matrix:
 A   R   N   D   C   Q   E   G   H   I   L   K   M   F   P   S   T   W   Y   V  
  7 
 -3   9 
 -3  -1   9 
 -3  -3   2   9 
  0  -5  -4  -6  14 
 -2   1   0   0  -5   9 
 -2  -1  -1   2  -6   2   8 
 -1  -4  -1  -3  -4  -4  -4   9 
 -3   0   1  -2  -4   1  -2  -4  12 
 -3  -5  -5  -7  -3  -4  -5  -7  -5   7 
 -3  -4  -5  -6  -3  -3  -5  -7  -4   2   7 
 -2   3   0  -1  -5   2   1  -4  -1  -4  -4   8 
 -2  -3  -4  -6  -3  -1  -4  -6  -3   2   3  -3  11 
 -4  -5  -5  -7  -3  -5  -6  -6  -2  -1   1  -5   0  10 
 -2  -3  -3  -3  -5  -2  -2  -4  -4  -5  -5  -2  -5  -5  11 
  1  -2   1  -1  -1  -1  -1  -1  -2  -4  -4  -1  -3  -4  -1   7 
 -1  -2   0  -2  -2  -1  -2  -4  -2  -2  -3  -1  -1  -4  -3   2   8 
 -4  -3  -5  -6  -4  -4  -5  -6  -2  -4  -2  -5  -2   2  -5  -4  -4  16 
 -4  -3  -3  -5  -3  -3  -4  -6   2  -3  -2  -4  -2   4  -5  -4  -4   3  11 
 -1  -4  -5  -6  -1  -4  -4  -6  -5   4   1  -4   0  -2  -4  -3  -1  -4  -3   7 
 A   R   N   D   C   Q   E   G   H   I   L   K   M   F   P   S   T   W   Y   V  
yerminson@yerminson-pc:~/Documentos$ 
